Recommending friend for customer 480: friend(Number of common friends (decreasing order))
552(2)
227(2)
671(2)
214(2)
626(2)
833(2)
813(2)
797(2)
698(1)
543(1)
683(1)
666(1)
622(1)
607(1)
587(1)
585(1)
562(1)
545(1)
459(1)
722(1)
737(1)
773(1)
784(1)
793(1)
834(1)
835(1)
848(1)
861(1)
895(1)
979(1)
984(1)
989(1)
231(1)
5(1)
15(1)
43(1)
45(1)
64(1)
78(1)
91(1)
136(1)
137(1)
177(1)
192(1)
195(1)
207(1)
226(1)
508(1)
248(1)
307(1)
308(1)
312(1)
317(1)
341(1)
355(1)
356(1)
368(1)
425(1)
428(1)
433(1)
0(1)
Maybe you also know these people?
Some one who is 3 people away from you:
796 810 800 799 728 659 576 779 519 768 601 417 413 553 485 719 712 352 339 338 471 789 580 313 533 393 822 821 655 347 288 664 387 258 669 337 397 646 879 257 559 549 242 430 212 770 351 652 567 194 961 186 331 185 502 645 277 996 168 167 439 987 391 985 636 986 163 777 974 353 993 988 84 992 849 31 546 456 297 775 912 956 581 37 888 65 350 343 176 837 2 513 292 913 628 197 595 488 79 836 908 886 4 885 476 691 12 749 52 801 828 414 182 591 812 906 33 851 765 34 603 829 946 530 116 939 121 729 539 953 345 22 17 25 174 997 594 614 98 658 755 334 743 732 103 638 468 882 893 371 208 9 250 536 127 758 10 842 807 572 774 424 540 131 938 529 266 465 46 455 878 265 644 235 971 215 742 94 360 928 53 876 887 150 704 295 941 767 281 555 699 75 107 230 647 760 359 598 294 920 210 438 535 126 600 348 933 139 134 140 966 394 
Some one who is 4 people away from you:
751 745 783 932 717 643 679 624 590 858 573 531 750 516 489 481 584 477 496 466 710 588 426 492 482 453 817 790 369 805 720 404 376 521 709 563 431 509 458 336 328 467 329 304 302 945 665 407 725 662 865 278 346 692 809 596 382 335 711 306 264 358 256 354 253 556 249 243 436 403 380 280 605 240 238 232 616 942 650 523 219 315 211 697 550 205 713 633 201 495 639 326 309 547 390 183 528 873 271 372 310 204 542 173 171 681 560 344 815 689 700 635 349 241 166 164 161 160 157 153 975 437 378 178 151 637 443 762 678 170 454 525 284 462 870 132 846 366 565 133 385 38 447 995 172 362 452 859 445 505 919 96 474 39 640 32 850 999 74 820 95 21 606 687 68 427 63 676 726 830 487 901 3 795 67 890 303 340 381 16 83 497 28 631 6 123 128 944 69 845 840 823 871 48 1 434 179 384 507 921 926 931 8 418 51 648 449 24 19 223 708 922 99 718 959 623 838 943 869 464 55 557 148 175 998 180 54 463 917 494 881 58 279 77 72 305 586 814 973 268 677 593 630 221 753 118 896 73 324 377 558 571 802 958 396 964 538 898 968 196 86 735 117 940 92 93 889 190 923 100 663 609 104 927 270 935 112 224 124 757 634 357 967 144 57 209 982 
Some one who is 5 people away from you:
911 792 754 872 695 682 618 599 579 578 534 772 512 721 486 483 670 478 451 448 716 656 564 419 621 527 392 785 389 375 730 661 589 322 320 314 654 518 301 283 273 641 515 262 261 247 627 769 660 252 475 327 237 379 200 275 188 808 994 388 162 934 642 577 983 798 152 493 583 169 47 541 156 498 89 771 860 36 60 883 764 855 30 411 316 504 289 827 7 296 747 892 130 409 866 108 517 41 59 831 950 806 847 228 11 981 147 444 674 900 187 401 884 61 405 184 276 149 972 154 255 286 733 330 776 786 804 969 141 952 145 325 87 915 949 566 254 106 936 113 225 962 816 880 142 202 
Some one who is 6 people away from you:
794 788 731 727 524 904 680 479 429 608 741 370 319 374 298 470 688 361 852 236 332 217 189 740 653 412 980 165 825 18 510 686 705 857 213 323 102 120 739 80 82 97 263 947 963 965 143 218 746 
